+44 7446 782224
+44 7446 782228
+44 7446 782282
+44 7446 782292
+44 7446 782358
+44 7446 782360
+44 7446 782384
+44 7446 782472
+44 7446 782510
+44 7446 782566
+44 7446 782572
+44 7446 782578
+44 7446 782594
+44 7446 782600
+44 7446 782602
+44 7446 782620
+44 7446 782726
+44 7446 782786
+44 7446 782794
+44 7446 782874
+44 7446 782882
+44 7446 782884
+44 7446 782888
+44 7446 782898
+44 7446 782912
+44 7446 782960
+44 7446 782964
+44 7446 782982
+44 7446 782990
+44 7446 783034
+44 7446 783062
+44 7446 783072
+44 7446 783160
+44 7446 783182
+44 7446 783194
+44 7446 783206
+44 7446 783236
+44 7446 783246
+44 7446 783268
+44 7446 783340
+44 7446 783360
+44 7446 783492
+44 7446 783558
+44 7446 783600
+44 7446 783606
+44 7446 783634
+44 7446 783738
+44 7446 783802
+44 7446 783852
+44 7446 783882
+44 7446 783898
+44 7446 783938
+44 7446 783946
+44 7446 783968
+44 7446 783974
+44 7446 784012
+44 7446 784018
+44 7446 784032
+44 7446 784058
+44 7446 784096
+44 7446 784138
+44 7446 784152
+44 7446 784158
+44 7446 784196
+44 7446 784204
+44 7446 784230
+44 7446 784258
+44 7446 784262
+44 7446 784280
+44 7446 784298
+44 7446 784304
+44 7446 784390
+44 7446 784400
+44 7446 784420
+44 7446 784478
+44 7446 784484
+44 7446 784524
+44 7446 784528
+44 7446 784544
+44 7446 784570
+44 7446 784572
+44 7446 784580
+44 7446 784584
+44 7446 784594
+44 7446 784598
+44 7446 784608
+44 7446 784648
+44 7446 784650
+44 7446 784658
+44 7446 784662
+44 7446 784670
+44 7446 784696
+44 7446 784702
+44 7446 784710
+44 7446 784720
+44 7446 784758
+44 7446 784768
+44 7446 784778
+44 7446 784800
+44 7446 784802
+44 7446 784816
+44 7446 784820
+44 7446 784838
+44 7446 784852
+44 7446 784872
+44 7446 784890
+44 7446 784926
+44 7446 784962
+44 7446 784984
+44 7446 785038
+44 7446 785050
+44 7446 785054
+44 7446 785060
+44 7446 785096
+44 7446 785104
+44 7446 785116
+44 7446 785154
+44 7446 785156
+44 7446 785166
+44 7446 785172
+44 7446 785197
+44 7446 785201
+44 7446 785203
+44 7446 785211
+44 7446 785223
+44 7446 785345
